0.142933
0.142407
0.141927
0.141463
0.141008
0.140562
0.140123
0.139691
0.139266
0.138848
0.138436
0.138031
0.137632
0.13724
0.136855
0.136476
0.136105
0.135739
0.135381
0.135029
0.134683
0.134345
0.134013
0.133688
0.133369
0.133057
0.132752
0.132453
0.132161
0.131875
0.131596
0.131323
0.131056
0.130795
0.130541
0.130292
0.13005
0.129814
0.129583
0.129358
0.129139
0.128925
0.128717
0.128514
0.128316
0.128123
0.127935
0.127752
0.127574
0.127401
0.127231
0.127067
0.126906
0.12675
0.126598
0.126449
0.126305
0.126164
0.126027
0.125893
0.125763
0.125636
0.125512
0.125391
0.125273
0.125158
0.125047
0.124937
0.124831
0.124727
0.124626
0.124528
0.124432
0.124339
0.124248
0.124159
0.124073
0.123989
0.123908
0.123829
0.123753
0.123679
0.123607
0.123538
0.123472
0.123408
0.123347
0.123289
0.123233
0.123181
0.123131
0.123084
0.123041
0.123001
0.122965
0.122932
0.122903
0.122878
0.122857
0.12284
