0.142933
0.142089
0.141651
0.141317
0.141037
0.140791
0.14057
0.140367
0.14018
0.140005
0.13984
0.139685
0.139536
0.139395
0.139259
0.139129
0.139004
0.138883
0.138766
0.138653
0.138543
0.138437
0.138333
0.138232
0.138134
0.138038
0.137944
0.137852
0.137763
0.137675
0.137589
0.137505
0.137423
0.137342
0.137262
0.137184
0.137108
0.137032
0.136958
0.136885
0.136814
0.136743
0.136673
0.136605
0.136538
0.136471
0.136405
0.136341
0.136277
0.136214
0.136152
0.136091
0.13603
0.135971
0.135912
0.135853
0.135796
0.135739
0.135682
0.135627
0.135572
0.135517
0.135464
0.13541
0.135358
0.135306
0.135254
0.135203
0.135152
0.135102
0.135053
0.135004
0.134955
0.134907
0.13486
0.134812
0.134766
0.134719
0.134673
0.134628
0.134583
0.134538
0.134494
0.13445
0.134406
0.134363
0.13432
0.134278
0.134235
0.134194
0.134152
0.134111
0.13407
0.13403
0.13399
0.13395
0.13391
0.133871
0.133832
0.133793
0.133755
0.133717
0.133679
0.133641
0.133604
0.133567
0.13353
0.133493
0.133457
0.133421
0.133385
0.13335
0.133315
0.133279
0.133245
0.13321
0.133176
0.133141
0.133108
0.133074
0.13304
0.133007
0.132974
0.132941
0.132908
0.132876
0.132844
0.132812
0.13278
0.132748
0.132717
0.132685
0.132654
0.132623
0.132592
0.132562
0.132531
0.132501
0.132471
0.132441
0.132412
0.132382
0.132353
0.132323
0.132294
0.132265
0.132237
0.132208
0.13218
0.132151
0.132123
0.132095
0.132067
0.13204
0.132012
0.131985
0.131957
0.13193
0.131903
0.131877
0.13185
0.131823
0.131797
0.13177
0.131744
0.131718
0.131692
0.131667
0.131641
0.131615
0.13159
0.131565
0.131539
0.131514
0.131489
0.131465
0.13144
0.131415
0.131391
0.131367
0.131342
0.131318
0.131294
0.13127
0.131247
0.131223
0.131199
0.131176
0.131152
0.131129
0.131106
0.131083
0.13106
0.131037
0.131014
0.130992
0.130969
0.130947
0.130924
0.130902
