0.142933
0.142407
0.142104
0.141868
0.141668
0.141492
0.141333
0.141187
0.141051
0.140924
0.140805
0.140691
0.140583
0.140479
0.14038
0.140284
0.140192
0.140103
0.140016
0.139932
0.139851
0.139772
0.139695
0.13962
0.139546
0.139475
0.139405
0.139336
0.139269
0.139203
0.139138
0.139075
0.139013
0.138952
0.138892
0.138833
0.138775
0.138718
0.138661
0.138606
0.138551
0.138498
0.138445
0.138392
0.138341
0.13829
0.13824
0.13819
0.138141
0.138093
0.138045
0.137998
0.137951
0.137905
0.137859
0.137814
0.13777
0.137726
0.137682
0.137639
0.137596
0.137554
0.137512
0.13747
0.137429
0.137388
0.137348
0.137308
0.137269
0.137229
0.137191
0.137152
0.137114
0.137076
0.137038
0.137001
0.136964
0.136928
0.136891
0.136855
0.13682
0.136784
0.136749
0.136714
0.136679
0.136645
0.136611
0.136577
0.136543
0.13651
0.136477
0.136444
0.136411
0.136379
0.136346
0.136314
0.136283
0.136251
0.13622
0.136189
0.136158
0.136127
0.136096
0.136066
0.136036
0.136006
0.135976
0.135946
0.135917
0.135888
0.135858
0.13583
0.135801
0.135772
0.135744
0.135716
0.135688
0.13566
0.135632
0.135604
0.135577
0.13555
0.135522
0.135495
0.135469
0.135442
0.135415
0.135389
0.135363
0.135337
0.135311
0.135285
0.135259
0.135233
0.135208
0.135183
0.135157
0.135132
0.135107
0.135083
0.135058
0.135033
0.135009
0.134984
0.13496
0.134936
0.134912
0.134888
0.134864
0.134841
0.134817
0.134794
0.13477
0.134747
0.134724
0.134701
0.134678
0.134655
0.134632
0.13461
0.134587
0.134565
0.134543
0.13452
0.134498
0.134476
0.134454
0.134432
0.134411
0.134389
0.134367
0.134346
0.134325
0.134303
0.134282
0.134261
0.13424
0.134219
0.134198
0.134177
0.134157
0.134136
0.134115
0.134095
0.134075
0.134054
0.134034
0.134014
0.133994
0.133974
0.133954
0.133934
0.133914
0.133895
0.133875
0.133856
0.133836
0.133817
0.133797
0.133778
